90 90 90 90 90 
90 90 90 90 90 
90 90 90 90 90 
90 90 90 90 90 
90 90 90 90 90 
90 
90 90 90 90 90 
90 90 90 90 90 
90 90 90 90 90 
90 90 90 90 90 
90 90 90 90 90 
90 
90 90 90 90 90 
90 90 90 90 90 
90 90 90 90 90 
90 90 90 90 90 
90 90 90 90 90 
90 
90 90 90 90 90 
90 90 90 90 90 
90 90 90 90 90 
90 90 90 90 90 
90 90 90 90 90 
90 
90 90 90 90 90 
90 90 90 90 90 
90 90 90 90 90 
90 90 90 90 90 
90 90 90 90 90 
90 
90 90 90 90 90 
90 90 90 90 90 
90 90 90 90 90 
90 90 90 90 90 
90 90 90 90 90 
90 
90 90 90 90 90 
90 90 90 90 90 
90 90 90 90 90 
90 90 90 90 90 
90 90 90 90 90 
90 
90 90 90 90 90 
90 90 90 90 90 
90 90 90 90 90 
90 90 90 90 90 
90 90 90 90 90 
90 
90 90 90 90 90 
90 90 90 90 90 
90 90 90 90 90 
90 90 90 90 90 
90 90 90 90 90 
90 
90 90 90 90 90 
90 90 90 90 90 
90 90 90 90 90 
90 90 90 90 90 
90 90 90 90 90 
90 
90 90 90 90 90 
90 90 90 90 90 
90 90 90 90 90 
90 90 90 90 90 
90 90 90 90 90 
90 
90 90 90 90 90 
90 90 90 90 90 
90 90 90 90 90 
90 90 90 90 90 
90 90 90 90 90 
90 
90 90 90 90 90 
90 90 90 90 90 
90 90 90 90 90 
90 90 90 90 90 
90 90 90 90 90 
90 
90 90 90 90 90 
90 90 90 90 90 
90 90 90 90 90 
90 90 90 90 90 
90 90 90 90 90 
90 
90 90 90 90 90 
90 90 90 90 90 
90 90 90 90 90 
90 90 90 90 90 
90 90 90 90 90 
90 
90 90 90 90 90 
90 90 90 90 90 
90 90 90 90 90 
90 90 90 90 90 
90 90 90 90 90 
90 
90 90 90 90 90 
90 90 90 90 90 
90 90 90 90 90 
90 90 90 90 90 
90 90 90 90 90 
90 
90 90 90 90 90 
90 90 90 90 90 
90 90 90 90 90 
90 90 90 90 90 
90 90 90 90 90 
90 
90 90 90 90 90 
90 90 90 90 90 
90 90 90 90 90 
90 90 90 90 90 
90 90 90 90 90 
90 90 90
90 90 90 90 90 
90 90 90 90 90
b8 86 aa ce 3e
89 e2
83 c2 28 
89 d5
68 18 8d 04 08
c3 
18 3b 68 55
